start=1035.994268
sid=no
ab-loop-a=1035.749494
ab-loop-b=1037.806031
